2, 9, 1, 1, 3, 9, 8  =  28
3, 3, 1, 6, 9, 8, 1  =  31
7, 5, 2, 8, 9, 1  =  71
6, 3, 1, 9, 5  =  65
3  =  33
3, 9, 3, 7, 5, 9  =  39
2, 4, 8, 9, 7, 5  =  25
4, 4, 2, 9, 6  =  46
1, 2, 5, 5  =  15
6, 1, 1, 8, 1  =  61
1  =  11
5, 9, 1  =  51
7, 1, 6, 1, 4  =  74
3  =  33
6, 4, 5  =  65
6, 8  =  68
6, 9  =  69
7, 4, 7, 3, 6, 3  =  73
1, 4, 9, 6  =  16
5, 1, 7, 2  =  52
3, 8, 5, 1  =  31
2, 4, 6, 2, 4, 6, 4  =  24
5, 9, 3, 4, 8, 5  =  55
2, 7, 7, 4  =  24
2, 2, 5  =  25
6, 6, 8, 4, 8, 2  =  62
4, 7, 5, 3, 6  =  46
1, 6, 4, 3, 5, 7  =  17
9, 4  =  94
3, 3, 7, 7  =  37
6, 8, 1  =  61
2, 6, 7, 9, 3  =  23
1, 6  =  16
5, 6, 7, 4, 4  =  54
9, 2  =  92
7, 9, 8, 1  =  71
3, 5, 8, 1  =  31
9, 5, 6, 4, 3  =  93
4, 8, 7, 1, 1, 1, 3  =  43
2, 4, 6, 9, 2, 3, 2  =  22
4, 6, 9, 7, 6, 3  =  43
1, 7, 7, 8, 4  =  14
1, 9  =  19
1, 1, 3  =  13
3, 5, 6, 8, 1  =  31
9, 6, 6, 4  =  94
3, 2, 8, 3, 4, 1, 2, 7  =  37
9, 5, 1  =  91
3, 4, 8, 2  =  32
6, 5, 8, 6, 9  =  69
6, 3, 7, 3, 8, 7, 3  =  63
3, 1, 6, 1, 8  =  38
2, 3, 5, 3  =  23
7, 7, 7, 1  =  71
5, 3, 8  =  58
9, 7, 3, 2  =  92
5, 1, 5, 5  =  55
4, 9, 1, 3  =  43
7, 4, 3, 4  =  74
7, 6, 1, 9, 3  =  73
3, 3, 3, 5  =  35
9, 3, 9  =  99
4, 5, 7, 9, 6, 2  =  42
4, 4, 4, 5, 2  =  42
8, 5, 6, 7  =  87
3, 4, 6, 8, 9  =  39
9, 9, 8  =  98
3, 7, 2  =  32
2, 9, 9, 9, 8  =  28
8, 2, 5, 2, 9  =  89
5, 9, 8, 3, 9, 7  =  57
8, 6, 7, 5  =  85
1, 4, 7, 3, 1, 9, 4  =  14
8, 7, 1, 5, 5  =  85
6  =  66
1, 1, 8, 7, 3, 7, 3  =  13
7, 3, 4  =  74
9, 8, 3  =  93
2  =  22
4, 5, 3  =  43
7  =  77
4, 9, 9  =  49
8, 1, 9  =  89
8, 4  =  84
2, 6, 7, 1  =  21
7, 8, 2  =  72
8, 8, 3, 3  =  83
6, 3, 3, 9  =  69
2, 9, 5  =  25
7, 1, 7, 2  =  72
7, 6  =  76
7, 7, 6, 6, 9  =  79
2, 6, 2  =  22
5, 3, 7, 1, 2, 9, 2, 5, 2  =  52
7  =  77
8, 8, 9  =  89
5  =  55
9, 2  =  92
3, 3, 3, 8  =  38
9  =  99
5, 6, 9, 9, 1  =  51
6, 7, 5, 3, 7, 8, 7  =  67
9, 3, 8, 6  =  96
6, 4, 7  =  67
2, 7, 1  =  21
5, 1, 8, 1  =  51
4, 2, 4, 7  =  47
7, 1, 7, 7, 8, 4  =  74
6, 6, 8, 9  =  69
4, 8, 2, 1, 5  =  45
4, 3  =  43
3, 2, 4, 1, 1  =  31
3, 2, 7, 1  =  31
5, 2, 6, 6, 8, 4  =  54
4, 3, 4, 1  =  41
1, 8, 3, 5, 6, 2  =  12
6, 6, 6, 2, 8  =  68
2, 4, 4, 5  =  25
2, 6  =  26
8, 7, 6, 3, 5  =  85
8, 6, 3  =  83
2, 7, 5, 5  =  25
8, 9, 7  =  87
1, 1, 9  =  19
3, 9  =  39
6, 5  =  65
5, 3, 5, 5  =  55
5, 4, 6, 9, 6  =  56
6, 3, 3, 1  =  61
7, 2, 1  =  71
8, 6, 6, 1, 1, 3  =  83
9, 7, 5  =  95
3, 2, 4, 5, 6, 5, 5  =  35
7  =  77
3, 5, 7, 7  =  37
1, 7, 9, 6, 2, 1  =  11
4, 5, 3, 1, 2  =  42
9, 8  =  98
4, 6, 7  =  47
5, 1, 3, 1, 3  =  53
1, 4, 9, 5, 7, 3, 9  =  19
3, 3, 7  =  37
7, 4  =  74
7, 9, 4  =  74
5, 1, 7, 1  =  51
3, 7, 5  =  35
5  =  55
3  =  33
7, 8, 6  =  76
4, 7, 9, 6  =  46
5, 5, 8, 9, 6, 8, 4, 4  =  54
4, 2, 5, 4, 3, 1  =  41
3, 6, 7, 3  =  33
1, 9, 4, 5, 3  =  13
9, 2, 1, 6  =  96
1, 7, 6, 8, 5, 6, 9  =  19
4, 2, 3, 9  =  49
6, 6, 1, 6  =  66
2, 2, 7  =  27
8, 5, 1, 2, 5, 1  =  81
2  =  22
9, 2, 9, 6, 8, 3  =  93
4, 1, 1, 2, 8  =  48
4, 9, 4, 7, 8  =  48
7, 9, 5, 9  =  79
3, 4, 4, 1, 1  =  31
6, 8, 1, 6, 2, 7, 1  =  61
5, 5, 7, 9  =  59
9, 8, 6  =  96
5, 4  =  54
6, 5, 2, 7, 2  =  62
4, 3, 8, 5, 2  =  42
8, 3, 7, 6, 6, 3, 5  =  85
5  =  55
9, 1, 1  =  91
4, 5, 9, 7  =  47
7, 5, 6  =  76
4, 6  =  46
6, 4, 7, 6, 6, 4  =  64
3  =  33
1  =  11
9  =  99
3, 4, 4, 2  =  32
8, 7, 8, 1, 4, 5  =  85
7, 7, 3  =  73
2, 7, 5  =  25
4, 7, 2  =  42
8, 7, 2, 2, 6  =  86
8, 9, 7, 7, 6  =  86
1, 5, 3, 3, 4  =  14
7, 6, 2, 8, 9  =  79
2  =  22
7, 5, 5, 2, 1, 1  =  71
6, 7, 2, 5, 2  =  62
8, 5, 4  =  84
5  =  55
6, 9, 3  =  63
5, 6, 5, 7, 1, 9, 9, 1  =  51
2, 6, 7  =  27
1, 1, 2, 4, 2, 2, 9  =  19
2, 5, 7, 2, 9, 8, 3  =  23
9, 7, 4, 8, 7  =  97
3, 3, 8  =  38
8, 6, 3, 2  =  82
4, 3, 1, 9, 2  =  42
3, 2  =  32
5, 6, 7, 7  =  57
4, 2, 7  =  47
4, 3, 8, 4  =  44
9, 9  =  99
1, 5, 3  =  13
2, 9, 4, 9  =  29
5, 9, 2  =  52
7, 6, 8, 3, 3  =  73
4, 5  =  45
5, 4, 3, 3  =  53
5, 3, 4, 7  =  57
9, 4, 6, 8  =  98
2, 8, 4, 7, 9, 5, 2  =  22
7, 7  =  77
1, 9  =  19
5, 7, 1, 3, 1, 6, 1  =  51
6, 3, 1, 6, 9, 1  =  61
9, 7, 3  =  93
6, 8, 2  =  62
6, 7, 5, 4  =  64
5, 2, 4, 6  =  56
5, 6, 5  =  55
1, 3, 1, 5, 7  =  17
2, 3, 5, 8, 5  =  25
8, 8, 2, 1, 2, 2, 7, 2, 5  =  85
9, 5  =  95
1, 5, 6  =  16
9, 3, 1, 6  =  96
8  =  88
5, 4, 8, 3  =  53
4, 7, 9, 5, 2  =  42
2, 9, 2, 6, 9  =  29
2, 2, 6, 6  =  26
7  =  77
3, 6, 4, 9, 1  =  31
7, 9, 1, 4  =  74
1, 6, 2, 7, 2  =  12
3, 4, 1, 1, 6, 5  =  35
7, 8, 2, 2, 3  =  73
5, 9, 9, 4, 7, 5, 6  =  56
5, 9, 4, 6  =  56
8, 2  =  82
6  =  66
1, 8, 2, 1  =  11
9  =  99
6, 6, 7, 6, 9  =  69
6, 7, 2, 4  =  64
4, 8, 6  =  46
3, 7  =  37
2, 1, 4  =  24
2, 7, 7, 7, 3, 4, 7, 5  =  25
8, 1, 2, 8, 7  =  87
7, 4, 1, 7  =  77
8, 3, 3, 5  =  85
4, 3, 1  =  41
1, 4, 6, 6, 9  =  19
4, 1, 2, 8, 4  =  44
8, 2, 5  =  85
2, 1, 6, 6, 5, 7  =  27
8, 6, 8, 3, 2, 8  =  88
4, 4, 2, 2  =  42
3, 1, 1, 2, 1, 7  =  37
1, 7, 5, 3  =  13
9, 2, 4, 7  =  97
4, 4, 2, 9  =  49
6, 9  =  69
5, 2, 1, 7  =  57
4, 8, 2, 1, 9, 1  =  41
5, 3, 1, 7, 7  =  57
6, 5, 6, 6, 7, 6  =  66
4, 5, 3, 5  =  45
9, 1, 8, 1, 4, 6  =  96
3, 3, 5, 1, 9, 4  =  34
8, 5, 5, 2  =  82
6, 6, 6, 2  =  62
5, 1, 9, 7, 6  =  56
2, 4, 5  =  25
9, 7  =  97
1, 2  =  12
3, 4, 6, 6  =  36
4, 2, 3, 7  =  47
4, 8, 7, 1, 4, 4, 9, 4  =  44
2, 4, 2  =  22
2  =  22
1  =  11
3, 2, 6  =  36
8, 2, 3, 4, 8  =  88
1, 2  =  12
1, 6, 6  =  16
3, 7, 2, 3, 6, 3  =  33
5, 6, 5  =  55
7, 2, 7, 1, 7  =  77
7, 3, 2, 8  =  78
2, 2, 2, 3  =  23
1, 9, 4  =  14
6, 8, 3, 2  =  62
1, 2, 9  =  19
6  =  66
9, 5, 7, 7, 5  =  95
3, 3, 7, 4, 8  =  38
6, 5, 4  =  64
4, 6, 6, 4, 2, 3, 9  =  49
3, 1, 4, 4, 3, 6  =  36
7, 1, 6, 8, 1  =  71
1, 5, 2, 9, 9, 2, 6  =  16
5  =  55
4, 2  =  42
6, 9, 5, 1, 8  =  68
6, 4, 6, 4  =  64
3, 8, 8, 2, 8  =  38
4, 5, 5, 1, 7  =  47
3, 6, 8  =  38
2, 6, 1  =  21
8, 6, 3, 1, 7  =  87
8, 5, 7, 2  =  82
2, 1, 9, 1, 1  =  21
7, 9, 6, 9, 5, 2  =  72
3, 7, 6  =  36
9, 3, 9  =  99
3, 4, 5, 1, 8  =  38
9, 8, 8, 1, 3, 8  =  98
7, 6, 9, 2  =  72
2  =  22
7, 4, 9, 9, 4, 1, 5  =  75
9, 2, 1, 6, 6  =  96
9, 5  =  95
6, 2, 7, 3, 8  =  68
9, 6, 5, 1, 2, 3  =  93
8, 8, 5  =  85
7, 9, 4  =  74
6, 9, 6  =  66
7, 3, 2, 6  =  76
5, 8, 5  =  55
4, 8, 1  =  41
6, 3, 5, 2, 5, 3, 4  =  64
6, 7, 5, 8  =  68
9, 6, 2, 8  =  98
2, 5, 2, 7  =  27
5, 2, 5  =  55
4, 9, 5, 5, 3  =  43
6, 6, 5  =  65
4, 9, 4  =  44
7, 3, 7, 6, 2  =  72
1, 1, 7, 5, 5, 4  =  14
1, 2, 4  =  14
1, 5, 9  =  19
1, 7, 4, 5  =  15
3, 4, 7, 9, 5, 9, 9  =  39
9, 5, 4, 6  =  96
5, 3, 3, 6, 9, 4, 9  =  59
1, 9, 8, 3  =  13
5, 6, 5  =  55
8, 5, 3, 1  =  81
9, 2, 7  =  97
6, 4, 1, 4, 7, 7, 5  =  65
5  =  55
9, 7, 1, 1, 3  =  93
8  =  88
6, 6, 2, 5, 6  =  66
2, 4, 6  =  26
3  =  33
6, 9, 3, 5, 9, 9, 5, 3, 7  =  67
5, 8  =  58
7, 1, 6, 3, 2  =  72
9, 1, 7, 7, 1, 2  =  92
2, 7, 4, 3  =  23
2, 5, 2, 1  =  21
1, 9, 1  =  11
9, 9, 5  =  95
9, 3, 7  =  97
3, 1, 2  =  32
7, 3, 3, 7  =  77
5, 7, 4  =  54
5  =  55
1, 6, 7  =  17
4, 5, 7  =  47
7, 3, 1, 1, 2  =  72
6, 5, 6, 7  =  67
8, 1, 2, 2, 8  =  88
8, 8, 2, 5  =  85
6, 7, 5  =  65
4  =  44
2, 5  =  25
9, 3, 5  =  95
7, 9, 2, 4, 8, 3, 3, 8  =  78
6  =  66
6, 2, 7, 1  =  61
6, 7, 3  =  63
9, 8, 4, 6, 8  =  98
8, 8  =  88
2, 4, 6, 1, 9  =  29
5, 4, 9  =  59
4  =  44
4, 5  =  45
1, 4, 9  =  19
8, 7, 1, 2  =  82
7, 1, 1, 2, 4, 5, 2  =  72
5, 7  =  57
2, 3, 2, 5, 4  =  24
7, 2, 3, 9, 8  =  78
3, 3, 2, 2, 9  =  39
6  =  66
4, 1, 3, 9  =  49
4, 7, 5, 8, 7  =  47
4, 5, 5, 5  =  45
5, 1, 4, 4  =  54
1  =  11
4, 9, 3, 2, 2, 8, 9  =  49
7, 8  =  78
9, 3, 5, 7, 5, 4  =  94
1, 4, 8, 5, 3, 4  =  14
3, 5, 2, 7, 8, 8, 9, 7, 4, 1  =  31
7, 3, 6, 8, 8, 4  =  74
1, 1, 7, 8, 7  =  17
3, 7, 4, 2, 9  =  39
7, 3, 6, 7  =  77
8, 2, 3, 3, 5, 3  =  83
2, 8, 5, 8, 5  =  25
4, 7, 9, 9, 4, 8  =  48
2, 4, 5, 7  =  27
5, 2, 1, 2, 1, 8  =  58
3, 9, 5, 7  =  37
8, 5, 8  =  88
9, 7, 2, 9, 4, 2, 5  =  95
1, 6  =  16
1, 2, 1, 6  =  16
2, 2  =  22
3, 8, 5, 7, 4  =  34
4, 3, 3, 6, 5  =  45
7, 4, 8, 5, 1, 4, 6  =  76
5, 6, 3, 1  =  51
4, 5, 3, 8  =  48
5  =  55
2, 8  =  28
4, 1, 5, 9  =  49
7, 6, 7, 1, 8, 8, 9  =  79
5, 6, 7  =  57
9, 2, 3  =  93
5, 9  =  59
9, 7, 7, 9  =  99
3, 2, 1, 6, 8  =  38
5, 7, 1  =  51
1, 5, 2  =  12
9, 6, 9, 7, 8  =  98
3, 8, 9, 4, 6, 1  =  31
8, 5, 7  =  87
7, 3, 9, 4, 5  =  75
5, 7  =  57
4, 9, 4, 4  =  44
9  =  99
2, 8, 2  =  22
2, 8, 7, 4, 1, 9  =  29
5, 6, 9, 5, 1, 2, 6  =  56
3, 7, 4, 4, 8  =  38
5, 8, 4, 5  =  55
9, 9, 6  =  96
3, 3, 2, 4, 6  =  36
1, 4, 6, 9, 9, 7, 8  =  18
5, 4, 3, 5  =  55
6, 5, 8, 2, 6, 9, 9  =  69
9, 4, 9, 7  =  97
4, 7, 4, 7  =  47
7, 7, 9, 4, 1, 5  =  75
5, 5, 4  =  54
2, 3, 6, 3  =  23
2, 3  =  23
1, 5, 8, 2, 9, 4  =  14
3  =  33
3, 8, 3, 5, 4  =  34
2, 4, 2  =  22
3, 9  =  39
8, 5, 6, 6, 5, 5, 8, 7, 1  =  81
6, 1, 1, 9  =  69
8, 3, 2, 2, 9, 4  =  84
2, 6, 6  =  26
4, 2  =  42
9, 5, 3  =  93
6, 3, 7, 9  =  69
2, 8, 7  =  27
2, 9, 4, 6, 8, 7  =  27
4, 6  =  46
2, 7  =  27
2, 1, 9, 5, 2, 8, 2  =  22
9, 6  =  96
7, 1, 7, 9, 5  =  75
5, 1, 5, 7, 2, 7  =  57
9, 4, 3, 5  =  95
2, 5  =  25
8, 4, 8  =  88
8, 8, 3, 2, 9  =  89
4, 3, 8  =  48
3, 7, 2, 8, 8, 2, 7, 2  =  32
1, 1, 3, 5  =  15
9, 5, 7  =  97
9, 3, 1  =  91
3, 9, 6  =  36
2, 3, 7, 7, 6, 2  =  22
4, 3, 5  =  45
9, 3, 3, 4, 8, 5, 6  =  96
3, 5, 7, 3, 8, 2, 3, 9  =  39
2, 1, 6, 7, 9, 1, 9  =  29
6, 8, 1, 7, 2, 4  =  64
9, 8, 5, 6  =  96
6, 6, 3, 1, 6, 1  =  61
1, 7, 5, 6, 7  =  17
6, 9, 9, 6, 3  =  63
3, 5, 3, 4  =  34
8, 5, 9, 8  =  88
2, 6, 4, 7  =  27
9, 9, 2, 3, 9  =  99
7, 8, 5, 7  =  77
6, 5, 9, 3, 6  =  66
9, 5, 1, 5, 3, 8, 2, 3  =  93
4  =  44
7, 2, 9, 5, 7  =  77
8, 7  =  87
4, 8  =  48
3, 3, 1, 9  =  39
7, 5, 2, 6, 3  =  73
4, 2, 2  =  42
4, 7, 8, 8, 7  =  47
1, 2, 8, 5, 2, 4  =  14
9, 8, 2, 5, 6, 9  =  99
3, 8, 3, 1  =  31
5, 3, 8, 7, 9, 6  =  56
6, 3, 4, 8, 8  =  68
1, 4, 7, 1  =  11
4, 5, 1, 9, 3, 2  =  42
5, 3, 6, 3  =  53
2, 3, 7, 3, 3, 2, 7  =  27
4  =  44
6, 9  =  69
3, 6, 3, 4  =  34
3, 3, 5, 1, 1  =  31
3, 1, 5, 3, 2, 9  =  39
2, 6, 7, 8  =  28
1, 1  =  11
5, 6, 5, 2, 5, 3, 3  =  53
5, 3, 4, 6, 1, 5  =  55
3, 8, 6, 2, 8, 7  =  37
4, 6, 2  =  42
3, 2, 8, 9, 8  =  38
1, 5, 3, 3  =  13
3, 6  =  36
3, 8, 8, 6  =  36
7, 6, 3, 1, 3  =  73
1, 6, 8, 3, 9, 8  =  18
9, 7, 7  =  97
9, 6, 6, 3, 7, 7, 9  =  99
8, 7, 4, 9, 9  =  89
7, 5, 8, 5, 8  =  78
9, 9, 5, 7, 6  =  96
8, 7, 7  =  87
1, 6, 8, 8, 6, 1, 6  =  16
1, 8, 2, 9  =  19
8, 7, 4, 9, 5  =  85
7, 4  =  74
2, 1, 2, 1, 3  =  23
7, 5, 8  =  78
6, 8, 2, 9, 9  =  69
5, 5, 9  =  59
1, 6, 8  =  18
4, 1, 3, 8  =  48
2, 9, 9, 3, 3, 2, 8  =  28
9, 3, 9, 2, 3, 4, 8, 9  =  99
2, 5  =  25
2, 3  =  23
3, 2  =  32
7, 7, 2, 8, 4, 3  =  73
3, 1, 9  =  39
7, 8, 2, 9  =  79
2, 3, 6, 7  =  27
9, 9, 7  =  97
5, 4, 7  =  57
8, 4, 5  =  85
4, 3, 1, 5  =  45
5, 3, 7, 3  =  53
2  =  22
2, 2, 5, 4, 6, 1, 4, 5  =  25
8, 7  =  87
1, 7, 9, 2, 6  =  16
7, 3, 9  =  79
4, 5, 8, 5, 8, 9  =  49
1, 6, 2, 3  =  13
8, 1, 6, 7  =  87
5, 6  =  56
1, 7, 3  =  13
3, 3, 8, 1, 4, 3  =  33
3, 7, 9, 7, 8, 5, 2  =  32
5, 7, 2, 4, 7  =  57
9, 5, 6, 9  =  99
3, 8, 3, 8, 3  =  33
2, 1, 9, 2, 1, 2  =  22
4, 9, 6, 1  =  41
7, 4, 5, 4  =  74
2, 5  =  25
7, 9  =  79
1, 4  =  14
5, 7, 3, 1  =  51
1, 8, 5, 7, 6, 7  =  17
1, 2, 6, 5, 3  =  13
4, 8, 5, 6, 7  =  47
6, 3, 4, 4, 4, 5  =  65
1, 7, 3, 1, 1, 8, 2  =  12
6, 4, 9, 2, 4  =  64
3, 5, 3  =  33
2, 6, 5, 1, 3  =  23
2, 8, 6, 3  =  23
8, 5, 9, 2  =  82
7, 4, 8, 1, 7, 1  =  71
9, 5, 2  =  92
2, 2, 2, 8, 7  =  27
1, 8, 1  =  11
5, 4, 8, 5, 9  =  59
2, 6, 9, 7, 6  =  26
2, 3, 4, 8, 2, 7  =  27
5, 5, 9, 3  =  53
6, 5, 1, 7, 9  =  69
7, 3, 6, 2  =  72
8, 1, 5, 9, 4, 6  =  86
5, 7, 8, 8, 9, 1  =  51
8, 1, 1  =  81
8, 7, 6, 1  =  81
9, 2, 3, 2, 1, 7, 9  =  99
1, 2, 9  =  19
5, 3, 3, 8, 6  =  56
5, 7, 5, 8  =  58
6, 3, 3  =  63
8, 6, 4, 5, 6, 5  =  85
2, 4, 5, 7  =  27
8, 1  =  81
7, 3, 8, 6  =  76
9, 7, 7, 5, 1, 4, 6  =  96
1, 8  =  18
7, 5, 1  =  71
2, 3, 5, 5, 1, 7, 1, 5  =  25
3, 9, 2, 2  =  32
5, 5, 2, 9, 3, 2, 6, 7  =  57
9, 2, 3, 8, 4  =  94
9  =  99
7, 4, 7  =  77
7, 9, 9  =  79
4, 9, 6  =  46
5, 6, 4, 2  =  52
3, 2, 3, 3, 4, 3  =  33
2, 5, 7  =  27
5, 3, 9, 7  =  57
8, 6, 3  =  83
8, 3, 5  =  85
9, 1, 3  =  93
4, 7, 4, 6, 6, 8, 3  =  43
4, 4, 5  =  45
3, 4, 7, 4  =  34
1, 3  =  13
6, 7, 1  =  61
8, 4  =  84
3, 1, 8, 3, 6, 5, 9  =  39
7, 3, 9, 2, 9  =  79
8, 1, 3  =  83
7  =  77
9, 2, 9, 6, 2, 9  =  99
1, 1  =  11
9, 6, 1, 2, 3  =  93
9, 9, 7  =  97
3, 4, 1, 2  =  32
4, 1, 4, 6, 2, 8, 5  =  45
4, 3, 3, 7, 8  =  48
2, 6, 4, 4, 9, 9  =  29
7, 7, 5, 7, 5, 3, 4  =  74
2, 9, 7, 4, 3, 1  =  21
5, 8, 9, 3, 8, 4  =  54
5, 6, 3, 4, 9  =  59
3, 7, 4, 2, 9  =  39
4  =  44
1, 5, 3, 4  =  14
3, 8, 4  =  34
3  =  33
1, 5, 9, 6  =  16
1, 6, 3, 9, 5  =  15
2, 6, 1, 1  =  21
4, 1  =  41
4, 1  =  41
6, 1, 5  =  65
2, 6, 4  =  24
2, 5, 9, 1, 7, 2  =  22
6, 7, 8, 5  =  65
3, 7, 5, 8, 6, 4  =  34
2, 9, 4, 7, 1  =  21
1  =  11
7, 8, 8, 7, 7  =  77
1, 1, 7, 7, 5, 3  =  13
1, 7  =  17
3, 8, 8, 9  =  39
1, 7, 6  =  16
1, 3, 3, 2  =  12
7, 2, 1, 7  =  77
6, 8, 5, 7  =  67
9, 1, 5, 4, 2  =  92
4, 1, 6, 3, 3  =  43
5, 8, 7  =  57
2, 9, 1  =  21
9, 4  =  94
2, 9, 5, 8, 2, 7  =  27
9, 2, 6, 7, 4, 2  =  92
4, 4, 8, 9, 6, 5, 8  =  48
3, 8, 1, 7, 7, 4, 8  =  38
7, 9  =  79
3, 7, 5, 8  =  38
9, 9, 7, 7, 3  =  93
6, 7, 9, 8, 2, 8  =  68
1, 4, 9, 7  =  17
9, 6, 9  =  99
8, 2, 8  =  88
8, 5, 6, 4, 4, 8  =  88
4, 1, 4, 8, 8, 1, 9  =  49
7  =  77
1, 9, 1, 4, 4, 5  =  15
8, 7, 2, 3  =  83
8, 5, 7, 6  =  86
8, 8  =  88
9, 5, 2, 9  =  99
1, 7, 8, 5  =  15
1, 6, 1, 6, 6, 8  =  18
7, 9, 7, 5, 7, 7, 5  =  75
2, 6, 1, 4, 7, 1, 7  =  27
5, 9, 4, 5, 1, 6, 2  =  52
5, 3, 1  =  51
6, 4, 6, 8, 1, 4  =  64
4, 5, 9  =  49
7, 4, 4, 5  =  75
4, 4, 9, 9, 8, 1  =  41
7, 9, 7, 6  =  76
5, 4, 2, 5  =  55
2, 2, 1  =  21
4, 7, 8, 9, 6, 8, 3  =  43
7  =  77
8, 5  =  85
4, 7, 4  =  44
5, 5, 3, 8, 6  =  56
3, 9, 4, 7  =  37
3  =  33
6, 6, 1, 9, 1  =  61
4, 7, 5, 9  =  49
8, 2, 7, 5, 9, 8  =  88
9, 6, 5, 9, 1  =  91
8, 9, 2, 8, 9  =  89
3, 4, 2, 7, 5, 8  =  38
3, 6, 1, 9, 4, 6, 2, 1  =  31
8, 1, 7, 6  =  86
7, 5, 4, 6, 6  =  76
2, 1  =  21
7, 5, 8, 8  =  78
3, 3, 2  =  32
1, 8  =  18
3, 9, 5  =  35
6, 6, 7, 4, 4  =  64
4, 8, 4, 7, 6, 8, 6  =  46
4, 4, 2, 3  =  43
8, 7, 4, 1, 3, 6  =  86
1  =  11
4, 7, 5  =  45
2  =  22
4, 5, 7, 6  =  46
1, 8, 2, 1  =  11
4, 3  =  43
8, 2, 2, 1  =  81
7, 9, 8  =  78
3, 7, 2, 4  =  34
4, 9, 3, 7, 8  =  48
5, 2, 3, 1  =  51
2, 6, 8  =  28
2, 6  =  26
1, 9, 6  =  16
6, 1, 2, 7, 4, 6, 2  =  62
1, 3  =  13
2, 5, 4, 2  =  22
1, 9, 4, 5, 8  =  18
3, 5, 8, 4, 2  =  32
7  =  77
6, 1, 1, 5, 3, 8, 7  =  67
9, 7, 7  =  97
7, 1, 8, 8, 1  =  71
3, 3, 2, 6, 9, 2, 3  =  33
1, 6, 1, 3, 5  =  15
1, 1, 3, 4  =  14
9, 6, 6, 7, 3  =  93
2, 5, 1, 7, 1, 9  =  29
7  =  77
1  =  11
2, 1, 6  =  26
5, 2, 4, 7, 9  =  59
8, 5, 1, 2  =  82
2, 1, 6, 1, 5, 8  =  28
9, 3, 6, 6  =  96
8  =  88
8, 7, 3, 6  =  86
5, 2, 6, 2  =  52
9, 9, 3, 1, 7, 5, 7  =  97
9, 1, 8, 9, 2, 2, 9, 5, 6  =  96
1, 9, 5, 9, 7, 8  =  18
5, 2, 7, 4  =  54
7, 8, 6  =  76
3, 7  =  37
8, 7, 6  =  86
9, 8, 1, 4, 4, 1, 7  =  97
1, 1, 8  =  18
6, 3, 1, 8, 5, 9, 2, 9  =  69
7, 5  =  75
4, 4, 2  =  42
2, 1, 9, 4, 9  =  29
8, 3, 1, 4  =  84
8, 1, 8  =  88
6  =  66
5, 5, 7, 8, 9, 7  =  57
6, 9, 8, 4  =  64
7, 8, 6, 9  =  79
4, 4, 8, 5, 7, 8  =  48
1, 3  =  13
3, 9, 4, 2, 1, 8, 1  =  31
4, 1, 2, 1, 5  =  45
2, 5, 5, 5, 8, 4  =  24
6, 9, 2, 5  =  65
1, 3, 4, 2  =  12
3, 8, 4  =  34
2, 9, 3, 3, 3, 6  =  26
5, 1, 7, 3  =  53
8, 6, 8, 8, 3  =  83
1, 7, 8  =  18
2, 7  =  27
1, 9  =  19
5, 8, 8, 3, 2, 2, 1  =  51
1, 3, 3, 7  =  17
8, 5, 3, 8  =  88
9, 9, 1, 7, 6, 6  =  96
8, 3, 9, 3, 8  =  88
4  =  44
2, 6, 5, 7  =  27
1, 9, 3, 8, 6  =  16
8, 3  =  83
2, 6, 2, 1, 9, 6, 5  =  25
1, 9, 2, 6, 4  =  14
6, 9, 3, 4, 2, 6  =  66
7, 8, 6, 4, 4, 7  =  77
7, 2, 6, 4, 4, 8, 2  =  72
4  =  44
9, 3, 2, 8  =  98
9  =  99
4, 4, 9, 5, 1, 4, 3, 1  =  41
2, 8, 6, 6  =  26
1, 1, 9  =  19
8, 1  =  81
6, 9, 7, 9, 9, 4  =  64
5, 8  =  58
7, 8, 5, 1, 6, 9, 3  =  73
1, 1, 8, 5, 3, 8, 3  =  13
9, 3, 2, 1, 5, 1  =  91
3, 9, 2, 7, 9  =  39
8, 6  =  86
2, 1, 7, 8  =  28
7, 2, 2, 1  =  71
1, 6, 7, 6, 9  =  19
3, 5, 1, 5, 5, 3  =  33
5, 7, 3, 2, 8  =  58
4, 3, 8, 1, 7, 3, 5  =  45
4, 9, 4  =  44
4, 9, 9, 4, 6  =  46
7, 9, 7  =  77
7, 9  =  79
3, 8, 3, 5  =  35
4, 1, 4  =  44
9, 8, 9  =  99
2, 4, 6, 2  =  22
8, 1  =  81
1, 2, 5  =  15
1, 5  =  15
3, 9, 2  =  32
8, 4, 6, 5, 5, 2, 3, 6, 9  =  89
2, 2, 3, 5, 1, 3  =  23
1, 9, 4, 9  =  19
4, 6, 1, 8  =  48
6, 6, 1, 2  =  62
6, 4, 8, 2, 7  =  67
8, 3, 9  =  89
6, 7, 1  =  61
7, 9, 8, 7, 3, 7, 4  =  74
3, 5, 1, 2, 1  =  31
2, 7, 4, 6, 4  =  24
8, 7, 3, 3, 1  =  81
2  =  22
2, 9, 7, 6, 3  =  23
7, 9, 7, 6, 4  =  74
5, 5, 5, 6  =  56
2, 5, 6, 8, 3  =  23
7, 4, 5, 4, 1  =  71
5, 1  =  51
1, 7, 7  =  17
9, 9  =  99
7, 4, 1, 3  =  73
1, 5, 2, 3  =  13
5, 2, 9, 2  =  52
7, 1, 8, 9  =  79
5, 1, 5, 4  =  54
7  =  77
5, 5, 6, 4  =  54
1, 4, 2  =  12
2, 7, 3  =  23
9, 2, 9, 6  =  96
9  =  99
7, 1  =  71
2, 1, 3, 8, 2  =  22
7, 8, 6, 9, 3, 4  =  74
5, 7, 8  =  58
9, 1, 8, 7  =  97
5, 5, 1  =  51
7, 8, 8  =  78
9, 4, 2, 4, 5  =  95
5  =  55
9, 2, 9, 1  =  91
4, 8, 7, 1  =  41
9, 5, 4, 6, 2, 1, 2  =  92
7, 6, 3, 3, 2  =  72
3, 5, 3  =  33
3, 4, 2, 9, 4  =  34
4, 7, 3, 8, 5, 5  =  45
5, 4, 3, 1, 4  =  54
7, 3, 8, 5, 3, 7, 1, 3  =  73
3, 2  =  32
1, 9, 1  =  11
8, 3, 4  =  84
7, 5, 7, 1  =  71
2, 6, 9, 4, 1, 8, 3  =  23
9, 7, 3, 4, 7, 6  =  96
7, 8, 1, 9, 8, 2  =  72
8, 2, 6, 8  =  88
6, 8, 6, 3, 2  =  62
4, 9, 6, 7, 2, 9, 2, 5  =  45
2, 5, 5, 5  =  25
4, 2, 1, 2  =  42
6  =  66
2, 8  =  28
2, 8, 9, 8, 2, 9  =  29
5, 8, 6  =  56
1, 3  =  13
7, 4  =  74
8, 7, 7, 3, 6, 6, 5  =  85
1, 9, 9, 6  =  16
3, 1, 7, 1  =  31
8, 9, 7  =  87
8, 1, 1, 6, 8, 3  =  83
7, 1, 4, 5, 8, 8  =  78
4, 8, 6  =  46
4, 7, 5  =  45
1, 9, 6, 3, 9  =  19
5, 7, 1, 3, 2, 5  =  55
9, 2, 5, 8, 3  =  93
3, 2, 5, 6  =  36
3, 5, 8, 9  =  39
2, 7, 2, 9, 2, 3  =  23
7, 3, 7  =  77
7, 3, 7, 9, 5  =  75
2, 3, 9, 2  =  22
6, 8, 1, 2  =  62
7, 2  =  72
6, 9  =  69
7, 3, 9, 5, 3  =  73
2, 9, 6  =  26
5, 2  =  52
8, 8, 9, 3, 1  =  81
4, 5, 3  =  43
5  =  55
9, 8, 3, 6, 4, 3, 7  =  97
4, 6, 2  =  42
2, 1, 5, 7, 2, 6, 6  =  26
5, 6, 5, 7, 8  =  58
6, 4, 8  =  68
3, 2  =  32
2, 7, 6, 6, 8, 2  =  22
7, 6, 4, 7, 9, 8  =  78
2, 5, 9, 5, 7, 9, 4  =  24
1, 9, 6, 4, 7, 8  =  18
7, 4, 9, 2, 6, 4  =  74
3, 1  =  31
7, 8, 2, 9, 8, 9  =  79
4, 8, 2  =  42
8, 6, 3, 1, 1, 5  =  85
5, 6, 7, 4  =  54
2, 5, 4, 3  =  23
4, 1  =  41
9, 8, 7, 5, 9, 2  =  92
7, 7, 8, 3, 2, 9, 8  =  78
1, 4, 4  =  14
4, 4, 3, 1, 8, 4  =  44
1, 5, 8, 2  =  12
1, 4, 4  =  14
