37 34 31 30 28 25 24
45 43 42 39 38 35 34
99 98 96 95 92 91
30 27 26 24 22
40 39 36 35 33 31
70 68 66 63 62 60
91 89 88 85 84 82
51 53 56 57 58
56 59 61 64 67 70
75 72 69 68 67 65 62
60 63 64 67 69
72 71 69 66 63 62 60 57
85 87 89 91 94
10 12 13 14 16
53 51 48 45 43 40 38 37
22 19 17 15 12 10
47 48 49 52 53 55
38 36 33 30 27 25 22 21
87 86 83 81 80 78 75 74
98 96 94 92 89 86 83
14 13 11 10 9 7 4
81 79 76 74 72 71
54 57 59 60 61 63 64
71 73 75 76 77 80
12 13 16 18 21 23 24 26
17 20 22 25 27
49 50 51 53 55 57 59 61
11 14 15 16 17 19
11 13 15 17 18 20 21
81 80 78 75 73 72 70 69
17 19 22 23 26 27 30 32
31 30 27 25 22
2 5 6 8 9 10
67 70 71 74 75 77
24 22 20 18 16
86 83 82 81 79
72 73 75 76 77
16 13 11 8 6 4
76 73 71 70 69 67 64 63
84 87 88 90 93 96 99
20 17 15 12 9 8 7 5
61 64 67 68 70
23 20 18 16 15 12
77 75 72 70 67 65 63
11 14 16 19 20 21 23 25
47 50 52 55 56 59
77 79 81 83 84
15 13 12 10 9 8 5
76 78 80 81 83 86 87 88
76 78 81 83 85 87 90 93
7 10 12 13 14
46 45 42 41 39 38 35 32
90 88 85 83 82 80 77
6 9 11 12 14 17
91 88 87 85 83 82 80
41 40 37 36 33 31 28
95 93 90 89 86 83 80 79
37 35 33 30 28
84 86 87 88 89 92 95 97
43 42 40 38 37
25 28 31 33 36 39
44 45 47 48 50
85 82 79 77 76
17 20 22 23 26 28
1 4 6 8 9 11 14
73 72 69 66 64 63 61 60
79 81 84 85 86 89
4 6 8 11 13
68 65 64 63 60 59 56
61 60 57 54 51
28 31 33 36 39 41 42
41 44 45 48 50 53
88 87 85 83 82 79
32 33 36 37 39
19 20 23 26 27 30 32 34
82 85 86 89 92 94 97 99
43 45 46 49 52 55 58
63 66 68 69 72 74 77 79
66 68 71 74 76 78 80
60 63 64 65 66 69 72 75
87 85 82 81 78 76 73 70
46 47 49 51 53
23 21 19 18 17 15 12 9
58 56 55 52 50 47 45
67 65 64 61 58 56 55 54
73 72 69 68 66 64 63
36 37 38 39 41 44 47 48
31 34 35 37 38
46 45 42 41 38 36 35
38 37 34 32 31
68 70 72 73 75 78 81 83
34 32 30 27 24
50 49 47 45 42 41 40 39
34 35 38 41 43 46
19 17 15 13 10 7 4
54 51 49 47 45 43
14 11 8 7 5 3
24 23 20 19 18 15 13 10
54 55 56 59 61 63 64
87 84 83 80 78 77
87 90 92 95 97
4 6 9 12 14 16 17
66 69 72 73 76 78 79
36 34 31 29 26 23 20 17
11 10 9 8 5 4
41 39 36 35 33 31 29
25 26 28 30 33 35 36 37
68 65 62 60 59 58
22 19 17 15 13 10 9
5 6 8 9 12 14 17
90 87 85 83 80 77 75
28 25 22 21 20
62 60 57 56 54
90 87 86 84 81 80
48 45 42 39 37 34
63 62 61 58 57 56
75 74 71 70 68 67 65
14 17 20 22 25 26
25 23 22 20 17 16 14 12
29 28 25 24 21 18 16 14
58 60 63 66 67 70 73
3 4 6 7 10 13
11 8 5 3 1
89 86 83 82 79 76 75 72
3 6 7 9 11 13
40 42 44 45 47 50 52
24 22 21 20 19 16 15 12
42 45 48 50 52
4 5 7 10 11 14 15
6 7 9 10 13 15
58 56 53 50 49 46 43 41
17 18 21 24 25 28 30
75 78 79 80 81 83 84 85
54 57 59 60 63
81 79 76 73 70 67 65 62
70 67 64 63 62 60 59 58
21 23 25 26 29 31 32
64 67 69 71 72 74 77
10 9 8 7 6
76 78 81 83 84 85 87 89
80 77 75 74 73
76 79 82 84 85 88
28 30 33 34 36 38 40 43
40 39 38 35 32 29
81 79 77 76 75 72 71 68
46 44 43 41 40 39 38 36
35 32 30 29 28 26
31 28 27 25 24 22
25 27 30 32 35 38 40 41
87 90 93 96 98
79 78 75 72 71 70 68
99 96 93 90 87 86 84
21 20 18 16 13
76 74 72 69 66 64 63
41 39 38 35 33 31 29 28
27 29 31 34 36
72 74 77 78 80 83
36 33 32 29 28 25
28 29 31 33 34
22 20 17 16 13 12 9
69 66 65 64 62 59
81 83 84 86 87 89
22 23 24 25 28 31
67 68 71 72 73 76 78 81
84 81 78 75 72 70 69
67 70 71 74 77 80 82 84
82 84 86 89 90 93 94
20 17 16 13 12
34 36 38 40 41 42 45
87 86 83 81 78 77 75 74
97 96 94 92 91 90 88 86
13 14 17 19 21 24 26
48 45 44 42 40 39
71 68 65 64 63 60 57 54
12 14 17 20 22
68 67 64 62 60 58 56 55
6 8 11 12 15 16
72 69 68 65 64 61 60
28 29 30 32 33 35 38
66 64 63 60 58 55 52
35 38 40 41 42
11 13 16 18 21 24 25
29 31 34 36 37 40
51 52 54 57 60 61 62
80 83 85 88 89 92 95
85 86 88 89 90 93 96 98
58 59 62 65 68 69 72
15 13 12 10 9 7
46 45 42 39 36 34 31
63 64 67 68 70
60 61 63 66 67 69 71 73
8 10 11 13 15 16
17 15 14 11 10 8
27 28 29 31 34 35
40 37 35 32 30 28 25 24
10 9 6 3 1
39 37 35 34 33 31 29 28
10 12 13 16 18 19 21
21 24 26 27 30 33
92 90 88 87 86 85 82 80
92 90 89 87 86 84 81
82 84 85 88 91 92
43 46 49 51 54
40 38 36 34 33 30 28 27
52 53 54 56 57 60 62 65
34 37 39 40 41 43 45
43 45 48 50 53 54 56 57
74 72 69 68 67 66 64 63
68 65 63 60 59
12 13 15 16 18
29 31 34 37 40 43
40 37 36 34 32
60 63 65 66 67 68 70
82 83 85 88 91
70 68 67 66 63
55 52 51 49 46 43 40 38
45 47 50 52 53 54 57 58
41 42 45 47 50 51 52
31 29 28 25 23 20
13 15 18 20 22 24
24 26 28 29 32
65 62 60 57 56
32 35 38 39 42 45 47
12 10 9 6 5
30 27 26 23 22 19
44 41 40 39 38 35 32 29
70 67 64 62 59 58 55
45 46 49 52 54 57 58
82 85 87 90 93 95
45 42 40 39 37
74 77 80 82 83 84 86 88
68 69 72 75 78 79 80
37 36 35 32 30 29 26 24
60 59 56 55 53 52 51 49
66 63 62 60 57 54 52
54 51 48 47 46 45
51 52 53 56 57
76 79 81 83 84 87 90
93 91 90 89 88
75 74 73 70 69
20 23 25 26 27 28 31 33
57 56 53 51 48 45 44 43
31 29 28 25 22 21 18 15
56 58 60 63 64
23 25 28 31 33 36 38
43 40 38 37 36 35
70 73 76 79 81
22 23 24 26 28 29 30 33
80 82 85 87 90 91
12 15 16 17 19 22 23
10 13 15 16 19 20 21 22
1 2 3 5 7 10 13 15
14 17 20 21 24 25 26 27
24 21 20 17 16
43 44 47 48 51 54 57 58
9 11 14 15 18 21
23 25 26 28 29 30 32 35
28 25 22 20 17 16
3 6 8 9 11
61 64 66 69 71 72 75 77
59 60 63 65 68 70 71 73
8 9 12 13 14
21 22 23 25 26 28
74 72 71 70 67
95 92 90 89 87 84 81 78
42 40 37 34 33
14 13 10 8 7 6 4 2
60 57 55 53 52
30 31 34 37 39
85 86 89 90 93
93 91 90 88 87 85
45 46 48 50 53 54
13 15 17 19 20 21 22
63 66 67 70 71 74 77 79
29 32 34 37 40 43 44
50 49 48 46 43 40
45 48 51 54 56
60 63 64 66 69 72 74
64 65 67 69 70
93 90 87 85 83
35 32 31 29 26 25 22 21
52 53 54 55 58
80 78 76 73 72 71
2 4 5 7 8 9 11
21 23 26 28 29 31 33 35
4 7 9 12 14
51 50 47 46 43 41
1 3 6 9 10 13 15
64 65 67 68 70 71
9 11 14 16 19 20 23 24
69 66 65 63 62 60
74 75 78 81 84 86
48 46 43 41 40 37 36
30 27 24 21 18 17 15
80 79 78 77 74 72 69 66
31 28 26 25 23 22 20 17
66 69 71 72 73 75 78 80
9 11 12 14 16 18 19
81 78 76 75 74 73 70 67
5 8 11 12 15 17 19 20
5 6 9 10 12
12 14 17 20 21 23 26
23 26 28 29 31 33 36
81 79 77 74 71
55 52 49 46 43 42
27 25 23 20 18 15
2 3 6 8 11 12 14
47 46 44 43 40 37 36 34
95 93 90 89 86
62 60 57 56 55 52 49 48
58 59 62 65 68 71 73 75
90 87 85 84 81 79
47 44 41 39 38 37 35 34
22 24 26 29 30 31 34
94 93 91 88 87 84 81 80
93 92 89 86 84 82
75 74 73 71 68 66 64
12 13 15 17 19 21
70 71 72 74 75 76
66 68 71 73 74 77 80 81
12 11 10 8 5 2
60 63 64 66 68 70
55 58 60 62 64 66 69
41 40 38 36 33
84 83 80 77 74 72 70
79 78 76 74 73 72 71
29 32 34 36 38
56 58 59 60 63 65 67 68
98 95 94 91 90 88 85 82
39 42 43 44 47 49 51 54
43 42 40 39 37
18 15 13 12 11
59 56 53 52 51 48 47 46
42 44 45 47 48 50 52 53
96 95 92 90 87 85 83
41 40 38 37 36 34 31 28
9 12 13 16 19
65 68 70 73 75 77 78 80
37 38 39 40 42 43
11 13 14 16 18 19 22 23
24 22 19 16 14 12 10 7
13 12 10 9 6
35 34 33 30 28
55 53 52 49 46 43 41
85 82 81 78 77 76 74
96 95 94 93 92 90 87 85
74 77 80 83 84 87 88 89
81 82 85 87 88
35 33 32 29 28 25 23
79 80 83 85 87 89
87 86 84 82 81 79
75 76 78 81 84 86 89
37 38 41 42 44 45 47 49
21 24 26 29 30 33 34 37
78 75 74 71 69 66
62 65 67 69 70 73 75
75 77 79 80 81 83 86 89
16 15 13 12 9 7 5
67 66 65 63 60 57 55
43 41 38 35 34 31
26 23 22 20 17
4 6 9 10 11 12
71 69 67 65 64 61 60
38 37 34 32 31 30 29 28
64 66 67 69 71 72
34 36 37 40 42
31 28 25 24 23
99 98 96 94 91 90 87
31 28 27 24 23 21
78 81 83 85 87 89 91
42 45 47 49 51 53 54
42 44 47 48 49 51 54 57
17 19 22 23 26 28 30
44 43 42 39 38
18 17 16 13 11 10 8 7
67 70 71 73 74
44 41 39 36 33 32
69 71 74 75 77
72 75 76 78 81 83 86
77 74 73 71 69
62 64 67 69 71 72 74
36 39 40 41 44
73 72 69 66 65
16 19 22 24 25 28 31 32
51 49 47 46 43
71 70 69 67 65 64 61
31 34 37 40 41 43 46 49
89 92 94 95 96
48 46 45 42 41 39 36 35
32 31 28 25 22
16 14 12 11 10
61 60 58 57 55
20 19 16 15 13 11 8 7
44 42 40 38 37 36
57 56 53 50 47 44 43
82 80 79 78 76 75 74 73
71 72 73 74 75
15 14 12 10 9
29 28 25 23 21
29 28 25 24 22 20
57 60 63 66 68 70 72
13 11 9 6 5
58 61 63 64 67 70
50 53 56 58 61 63 64
82 85 86 89 90 91 93
27 30 31 32 35 37 38
95 93 91 88 85 82
42 39 37 35 33 30 28
96 93 91 89 88
7 8 11 13 15 17
76 74 73 72 70 67
49 51 54 55 56 59 61
52 49 47 45 42 40 38
65 66 68 70 73 76 78
53 55 58 61 63 66 67 68
28 31 32 35 36 38 39 42
96 95 93 90 87 86 83
73 71 70 67 64 61
41 38 37 34 33 32 29 26
69 70 72 74 77 80
50 53 55 57 60 62 64
65 64 63 62 61
48 47 46 45 42 41
27 25 22 19 16 13 10
15 14 12 10 8 6
44 41 38 36 34
35 32 30 27 26 23 22 19
29 28 25 24 21
84 85 86 87 89 92 93 94
50 51 54 55 58
47 44 43 40 39
68 65 63 62 59 58 57
65 64 63 60 58 56 55
40 37 36 33 32 29
47 49 51 54 55 57
53 50 49 46 44 42
26 23 21 19 18 17 16 13
53 54 56 58 59 60 62
59 61 62 65 68 69 71 74
80 83 86 87 89 90 92
63 62 59 58 55
40 43 46 47 49
24 21 18 17 16 13
47 48 50 52 53 54 57 59
60 63 64 65 68 69 70
88 85 83 81 80 77
90 88 86 83 81 80 79
27 28 29 30 31 32
4 5 8 11 12 14 15 17
33 31 29 27 24 23 22
51 50 49 48 46
96 93 92 90 87 86 83
56 58 60 61 63
46 43 42 40 39 36 33 31
55 58 59 62 63 65
78 76 74 73 72 69 67 65
76 75 74 72 69 66 63 60
39 36 33 31 30 28
18 19 22 23 26 29 32 35
37 39 40 42 45 48
61 59 57 55 54 51 48 47
55 54 51 48 46 43 41 38
87 84 83 82 81 78
61 59 56 55 54
33 34 35 38 41 44 45 47
67 66 64 62 61
41 43 44 46 49 50 51
94 91 90 89 87 86 83 80
88 91 92 95 98 99
17 15 13 12 10 7 5
82 85 86 88 89 91
99 98 97 96 95 92 89 86
54 51 48 45 44
45 43 40 38 37 36 33 31
20 22 24 25 27
12 11 8 7 6 5 4
25 23 22 21 18 15 14 12
25 22 20 18 16
54 53 50 49 46 43 42
82 83 84 87 90 91
23 26 29 31 34 35 37
68 65 63 60 59 57
85 86 87 89 91
4 6 9 11 13 15 16
31 30 27 25 23 21 18
24 25 28 29 31 34 35
25 23 22 20 17 16 15 14
63 61 60 57 54 52 51
77 80 82 84 87 88 89
2 5 8 10 12 14 16
