8 11 13 14 15 17
43 44 47 49 52
37 40 42 43 44 47
70 73 76 79
17 19 20 23
58 59 62 65 66
46 49 50 51
31 32 35 36 39
68 69 72 74 77 80 83
21 22 25 27 30 33
78 80 81 84 86 88
27 30 33 35
90 88 87 85 82
52 50 47 44
35 33 31 29 27 25 22
77 76 73 70
95 93 92 90 87
19 16 15 12 10 8
31 29 28 26 25 22 19
20 17 16 15 14
83 82 79 77
46 45 43 40 38 37
52 49 46 44 43 40 37
76 79 80 82 83
23 24 27 28 30
36 37 40 43
43 44 47 48 49
7 9 12 14
41 42 45 47 48 49 51
22 24 27 28
84 83 81 80
86 88 89 90 91 94
30 32 33 36 39 41
54 56 58 59 60
29 30 33 35 36
52 49 48 46
65 64 62 59
90 89 86 84 83
97 96 93 91
29 26 24 21
35 34 31 30 29
89 86 85 83 82
42 39 37 35 32
33 30 28 27 24 23
49 47 45 42 40
91 88 87 85 84 82
